%YAML:1.0
---
R: !!opencv-matrix
   rows: 3
   cols: 3
   dt: d
   data: [ 9.2627882609274848e-01, 6.6966152344551583e-02,
       3.7084103167314980e-01, -5.5781413006312300e-02,
       9.9760831780100334e-01, -4.0817621406342493e-02,
       -3.7268749683247898e-01, 1.7122461692718242e-02,
       9.2779892811444997e-01 ]
T: !!opencv-matrix
   rows: 3
   cols: 1
   dt: d
   data: [ -5.9935193114385408e+00, 1.8168221522907895e+00,
       1.5722301158739802e+00 ]
R1: !!opencv-matrix
   rows: 3
   cols: 3
   dt: d
   data: [ 9.6620763763977802e-01, -2.2270356294748428e-01,
       1.2979184880821712e-01, 2.2055057643687181e-01,
       9.7488541304390441e-01, 3.0917222830962186e-02,
       -1.3341755581602732e-01, -1.2467897624269756e-03,
       9.9105913108924304e-01 ]
R2: !!opencv-matrix
   rows: 3
   cols: 3
   dt: d
   data: [ 9.2819621874561042e-01, -2.8136514863165046e-01,
       -2.4348600091553504e-01, 2.8104102893550642e-01,
       9.5898920666601073e-01, -3.6819037914741622e-02,
       2.4386004092762417e-01, -3.4254264458379188e-02,
       9.6920530632327473e-01 ]
P1: !!opencv-matrix
   rows: 3
   cols: 4
   dt: d
   data: [ -1.4544680848509181e+03, 0., 1.7064599666595459e+03, 0., 0.,
       -1.4544680848509181e+03, 7.2934681034088135e+02, 0., 0., 0., 1.,
       0. ]
P2: !!opencv-matrix
   rows: 3
   cols: 4
   dt: d
   data: [ -1.4544680848509181e+03, 0., 1.7064599666595459e+03,
       9.3917453856964785e+03, 0., -1.4544680848509181e+03,
       7.2934681034088135e+02, 0., 0., 0., 1., 0. ]
Q: !!opencv-matrix
   rows: 4
   cols: 4
   dt: d
   data: [ 1., 0., 0., -1.7064599666595459e+03, 0., 1., 0.,
       -7.2934681034088135e+02, 0., 0., 0., -1.4544680848509181e+03, 0.,
       0., 1.5486664353849036e-01, 0. ]
