%YAML:1.0
---
M1: !!opencv-matrix
   rows: 3
   cols: 3
   dt: d
   data: [ 5.0218824145727626e+02, 0., 3.3999317110016932e+02, 0.,
       5.3277365127505095e+02, 2.1757350704572013e+02, 0., 0., 1. ]
D1: !!opencv-matrix
   rows: 1
   cols: 14
   dt: d
   data: [ 1.0114185594007530e+00, -6.3804948504379544e+00, 0., 0., 0.,
       0., 0., -1.1798524272205247e+01, 0., 0., 0., 0., 0., 0. ]
M2: !!opencv-matrix
   rows: 3
   cols: 3
   dt: d
   data: [ 5.0218824145727626e+02, 0., 3.2582567316018549e+02, 0.,
       5.3277365127505095e+02, 1.7569034727824223e+02, 0., 0., 1. ]
D2: !!opencv-matrix
   rows: 1
   cols: 14
   dt: d
   data: [ 1.5414546799827087e+00, -5.4963606083233287e+00, 0., 0., 0.,
       0., 0., -5.2876884051132391e+00, 0., 0., 0., 0., 0., 0. ]
