%YAML:1.0
---
calibration_time: "2018年08月22日 星期三 11时19分19秒"
nframes: 21
image_width: 640
image_height: 480
board_width: 4
board_height: 6
square_size: 1.
aspectRatio: 1.
flags: 2
camera_matrix: !!opencv-matrix
   rows: 3
   cols: 3
   dt: d
   data: [ 5.1449659487752808e+02, 0., 3.2488601549164190e+02, 0.,
       5.1449659487752808e+02, 2.4061919264434945e+02, 0., 0., 1. ]
distortion_coefficients: !!opencv-matrix
   rows: 5
   cols: 1
   dt: d
   data: [ 6.0584551690087175e-02, -3.4388887030423643e-01,
       -3.8999510635725093e-03, 7.8797865992732731e-03,
       4.8455670114878951e-01 ]
avg_reprojection_error: 7.1366509645278708e-01
per_view_reprojection_errors: !!opencv-matrix
   rows: 21
   cols: 1
   dt: f
   data: [ 1.25101238e-01, 1.71221405e-01, 1.79114237e-01,
       3.07027745e+00, 1.90769330e-01, 2.22633541e-01, 3.33633989e-01,
       2.03985915e-01, 2.44121611e-01, 2.25472704e-01, 2.08860263e-01,
       2.10898891e-01, 2.05382854e-01, 1.99929550e-01, 1.73316449e-01,
       1.88107565e-01, 1.85405746e-01, 2.36560404e-01, 6.04519486e-01,
       3.06111932e-01, 2.39888445e-01 ]
extrinsic_parameters: !!opencv-matrix
   rows: 21
   cols: 6
   dt: d
   data: [ -2.8362799671793770e-01, 4.4059838921590773e-02,
       -3.7562191026205288e-01, -1.2355650640736862e+00,
       -9.2503339768104176e-01, 1.4055683948060297e+01,
       -6.4524466826849758e-02, 1.1535570273852830e-01,
       1.9014348648113516e-01, -3.3398330601319648e+00,
       -1.5119739683439350e+00, 1.4103616550220698e+01,
       6.5205319699776693e-02, 3.3632477212570372e-01,
       1.4506209805107599e+00, -9.6407279514568811e-01,
       1.0820619226253513e-01, 1.2663734929484933e+01,
       5.6991696810349005e-02, 2.6097245244168821e-01,
       1.4585930524545667e+00, -1.0289409943309127e+00,
       -1.2790734890843141e+00, 1.3048161105750090e+01,
       -4.8897044089850315e-02, 3.1602713685549960e-01,
       1.4691829398154415e+00, 3.1568058622803226e+00,
       -2.5440326903650652e+00, 1.2772242046751330e+01,
       -1.0382913847590609e+00, 8.9389638094243787e-02,
       -1.7282696227262215e-01, -1.4461446841978765e+00,
       -9.8210926491304595e-01, 1.2788596313937084e+01,
       -1.0812348545091948e+00, 2.3434091775970653e-01,
       -4.0686509902918783e-01, -2.0251049163330337e+00,
       -6.2207581934529399e-01, 1.2837070759582620e+01,
       9.4203297281506407e-02, 4.0185565856793992e-01,
       3.5495060839099722e-02, -1.2067950051486931e+00,
       -3.7190142868950811e+00, 1.3408853484977797e+01,
       1.0467945059471838e-01, -1.1773256299796986e-01,
       1.0012561039197194e-02, -2.2281034365598584e-02,
       -3.6269043759005135e+00, 1.2487709252974886e+01,
       1.0332492691299806e-01, -8.0406908783606276e-02,
       9.7348295842660422e-03, -2.0886484952098064e-01,
       -3.8930300017259931e+00, 1.4563667588184536e+01,
       1.0074263146882689e-01, -1.7057895058631885e-03,
       1.7684911741535841e-02, 1.7808505571994053e+00,
       -3.8573059125184264e+00, 1.4347898945561925e+01,
       1.0449185625560117e-01, 2.7646608294847965e-02,
       2.0209998995686977e-02, 1.7102751930988731e+00,
       -3.7849132552084503e+00, 1.3258547035967144e+01,
       1.0915985185527008e-01, -2.1210301831141476e-02,
       1.4532808853325510e-02, -8.9761466677952095e-01,
       -3.7443423292875790e+00, 1.2440490683251049e+01,
       1.0786706881851503e-01, 2.9705600128700976e-01,
       3.3308201314245341e-02, -2.0549342039853222e-01,
       -3.8144543253781715e+00, 1.3166781442258973e+01,
       8.5003465690069419e-02, 4.1269944380655882e-01,
       -4.3105439647206693e-02, -1.1414582228997869e+00,
       -3.5396403099036045e+00, 1.3818553877493118e+01,
       1.0467291120384457e-01, 5.3218562648982704e-01,
       4.8759359229099651e-02, 1.9276952654548656e+00,
       -3.9477167352576470e+00, 1.4444992968692906e+01,
       1.0053116798450260e-01, 2.7288987931648656e-01,
       1.0379205617521786e-01, 1.5332394923809844e+00,
       -3.8332237704031602e+00, 1.4287515372111180e+01,
       1.1571225745061801e-01, -3.7703191291035892e-01,
       -9.2265213395792602e-03, -4.0532372950174977e+00,
       -3.7889283663183777e+00, 1.1681548453509404e+01,
       -1.1724214217872393e+00, -2.2682245253459193e-01,
       3.1260602725150460e-01, -1.6946362752016249e+00,
       -1.2430887846724861e+00, 1.2853879429971380e+01,
       -9.6443238197323156e-01, 1.2687868180258569e-01,
       -2.3781465331836629e-01, -2.4757821150359485e+00,
       -1.5590560547121053e+00, 1.1476592675182685e+01,
       -2.5204110719004053e-01, 1.5456574332952022e-01,
       -6.6404614287122898e-01, -3.4673661723482900e+00,
       -1.1411161217824546e+00, 1.3313855991596549e+01 ]
