%YAML:1.0
---
calibration_time: "2018年08月22日 星期三 11时16分07秒"
nframes: 11
image_width: 640
image_height: 480
board_width: 4
board_height: 6
square_size: 1.
aspectRatio: 1.
flags: 2
camera_matrix: !!opencv-matrix
   rows: 3
   cols: 3
   dt: d
   data: [ 4.9151350808095924e+02, 0., 3.3793149849204661e+02, 0.,
       4.9151350808095924e+02, 2.4236688772886345e+02, 0., 0., 1. ]
distortion_coefficients: !!opencv-matrix
   rows: 5
   cols: 1
   dt: d
   data: [ -6.4458781760926409e-01, 3.7288358324921034e+00,
       2.9177864141034728e-03, -1.1452612497499333e-02,
       -5.9617632175691160e+00 ]
avg_reprojection_error: 6.7584062823858506e+00
per_view_reprojection_errors: !!opencv-matrix
   rows: 11
   cols: 1
   dt: f
   data: [ 7.44510698e+00, 5.83219528e+00, 6.94155741e+00,
       5.11769152e+00, 5.56094503e+00, 3.45434284e+00, 9.38865471e+00,
       8.44853687e+00, 5.88537216e+00, 5.16774559e+00, 8.65402126e+00 ]
extrinsic_parameters: !!opencv-matrix
   rows: 11
   cols: 6
   dt: d
   data: [ 1.8728194598053492e-02, 1.2830289458710539e-01,
       2.0058265519199614e-01, -2.9845927368564968e+00,
       -1.5549852518248928e+00, 1.1761152951938165e+01,
       1.4072469862023207e-01, 3.2258609644123254e-01,
       1.4472144682293830e+00, -5.4736190118042771e-01,
       -9.5175595112728835e-03, 1.0109584876941971e+01,
       7.4884264432118208e-02, 3.2339399685433701e-01,
       1.4407092392399801e+00, -5.3995320300792748e-01,
       -1.4010545386162123e+00, 1.0428250312412173e+01,
       -3.4484679947943339e-02, 3.7401237829452683e-01,
       1.4697502723791172e+00, 3.5548945115553985e+00,
       -2.5927982888730732e+00, 1.0264939549628084e+01,
       1.4424317763890576e-01, 4.2956230193337147e-01,
       4.7204510743143649e-02, -7.9502003839802482e-01,
       -3.7804643761092023e+00, 1.0960777627020576e+01,
       1.1711811467181507e-01, -8.5918758479112331e-02,
       6.9880761179432040e-03, 3.5139294027941231e-01,
       -3.7037882994446321e+00, 1.0130104298097164e+01,
       3.9258561657959906e-01, 2.2695347035270289e-01,
       3.2277687776707607e-02, 4.0075761694564511e-02,
       -3.7741067203854608e+00, 1.1441447504864886e+01,
       5.3879591779894001e-02, 9.9711903886910910e-02,
       2.9354554911028046e-02, 2.2795399616653191e+00,
       -4.0512790314354765e+00, 1.2284310000580948e+01,
       1.0922751341009806e-01, 1.1268900717034257e-01,
       4.0237054731842803e-02, 2.1156428179046221e+00,
       -3.8690338065762200e+00, 1.0781617947375432e+01,
       1.3726191525567044e-01, 3.6770435963619635e-01,
       -4.3853119890971709e-02, -7.9802528221042879e-01,
       -3.5921224527040230e+00, 1.1284270267621881e+01,
       8.6122596152470962e-02, 4.8973827280415255e-01,
       4.4610313445507567e-02, 2.3887587154272989e+00,
       -4.0028297121205023e+00, 1.2091228968401975e+01 ]
image_points: !!opencv-matrix
   rows: 11
   cols: 24
   dt: "2f"
   data: [ 2.05722458e+02, 1.86560745e+02, 2.59566925e+02,
       1.94732864e+02, 2.94766357e+02, 1.92437912e+02, 3.35382324e+02,
       1.94399506e+02, 2.08970261e+02, 2.18744980e+02, 247.,
       2.25500000e+02, 2.81374359e+02, 2.26839554e+02, 3.25486694e+02,
       2.41979721e+02, 1.99500000e+02, 2.58500000e+02, 2.45601120e+02,
       2.74167511e+02, 2.70180542e+02, 2.77329834e+02, 3.25505798e+02,
       2.88552307e+02, 1.90747574e+02, 2.98510681e+02, 2.41402420e+02,
       3.03538849e+02, 2.71500000e+02, 316., 3.12500000e+02,
       3.24500000e+02, 1.85248779e+02, 3.39248444e+02, 2.22916107e+02,
       3.49368195e+02, 2.53439850e+02, 3.65393127e+02, 3.04643982e+02,
       3.66877350e+02, 1.66720337e+02, 3.70237640e+02, 2.23285095e+02,
       3.82608093e+02, 2.46480057e+02, 3.87424347e+02, 2.95244415e+02,
       4.10477722e+02, 3.10757050e+02, 2.39585159e+02, 3.13326355e+02,
       2.93319061e+02, 3.21807678e+02, 3.37182312e+02, 3.18517883e+02,
       3.91347137e+02, 2.75395203e+02, 2.43273392e+02, 2.67572906e+02,
       2.91493896e+02, 2.69547974e+02, 3.47197357e+02, 2.80737396e+02,
       3.89198914e+02, 2.28549026e+02, 2.55052673e+02, 2.39381546e+02,
       2.89550842e+02, 2.28503143e+02, 3.39436005e+02, 2.36328247e+02,
       3.89479004e+02, 1.87657074e+02, 2.61351715e+02, 2.01784119e+02,
       3.11910645e+02, 1.94544312e+02, 3.47080811e+02, 194., 394.,
       1.42472626e+02, 2.59714355e+02, 1.52035446e+02, 3.07664490e+02,
       1.53087326e+02, 3.52030914e+02, 156., 3.96500000e+02,
       1.14151337e+02, 2.73336456e+02, 1.14831505e+02, 3.09531921e+02,
       117., 354., 1.15268654e+02, 3.97620880e+02, 3.08611725e+02,
       1.73672256e+02, 3.13330475e+02, 2.26124161e+02, 3.18479431e+02,
       2.66817993e+02, 3.28519958e+02, 3.13692657e+02, 2.69196716e+02,
       1.84760635e+02, 2.72764709e+02, 2.28338104e+02, 2.75980957e+02,
       2.73917877e+02, 2.89373138e+02, 3.28210907e+02, 2.34679337e+02,
       1.98044113e+02, 2.22710419e+02, 2.42288254e+02, 2.32500000e+02,
       280., 2.36465637e+02, 3.26895935e+02, 1.95336517e+02,
       1.89463730e+02, 1.91270844e+02, 2.40989075e+02, 1.84958511e+02,
       2.95631866e+02, 1.96552887e+02, 3.31370117e+02, 1.59736038e+02,
       2.11520813e+02, 1.60696701e+02, 2.37870651e+02, 1.53444641e+02,
       2.89750305e+02, 1.59441513e+02, 3.27510834e+02, 1.13500000e+02,
       2.12500000e+02, 1.13706169e+02, 2.50637955e+02, 1.09654350e+02,
       3.04658295e+02, 1.16676117e+02, 3.36654633e+02, 5.07412659e+02,
       1.27140282e+02, 5.06194122e+02, 1.64903305e+02, 5.10835144e+02,
       2.07435623e+02, 5.17978333e+02, 2.57462128e+02, 4.53377777e+02,
       1.27908493e+02, 4.63274628e+02, 1.76248306e+02, 4.64662659e+02,
       2.16153290e+02, 4.71298523e+02, 2.61447113e+02, 4.16307800e+02,
       1.42816971e+02, 4.21478180e+02, 1.67680496e+02, 4.19260681e+02,
       2.22285675e+02, 4.23467499e+02, 2.64808441e+02, 3.63023987e+02,
       1.43206177e+02, 3.66427002e+02, 1.81469177e+02, 3.74220947e+02,
       2.24669617e+02, 3.76436981e+02, 2.71361450e+02, 3.21553711e+02,
       1.48437256e+02, 3.17257416e+02, 1.95349533e+02, 3.24558441e+02,
       2.29280746e+02, 3.30692688e+02, 2.77550354e+02, 2.79444824e+02,
       1.54046417e+02, 2.87327606e+02, 1.97568512e+02, 2.79741974e+02,
       2.42497025e+02, 2.87988678e+02, 2.82610138e+02, 3.02958374e+02,
       7.75970306e+01, 3.42577850e+02, 7.66776810e+01, 3.86359802e+02,
       7.22927551e+01, 4.32486450e+02, 7.22970657e+01, 3.00275269e+02,
       1.21525589e+02, 3.31582245e+02, 1.30165558e+02, 3.81270905e+02,
       1.17232452e+02, 4.30376678e+02, 1.17184708e+02, 3.09670044e+02,
       1.57541809e+02, 3.43567566e+02, 1.66573761e+02, 3.83714233e+02,
       1.64882095e+02, 4.29736237e+02, 1.66663818e+02, 3.07533813e+02,
       2.13439529e+02, 3.42317108e+02, 2.09224747e+02, 3.85226166e+02,
       2.13104813e+02, 4.24391357e+02, 2.14394348e+02, 2.94731537e+02,
       2.57737488e+02, 3.39561615e+02, 2.50171585e+02, 3.78586334e+02,
       2.57232452e+02, 4.28433502e+02, 2.60571808e+02, 2.97797546e+02,
       2.90616699e+02, 3.46467834e+02, 2.89553833e+02, 3.80405426e+02,
       2.99011810e+02, 4.16533752e+02, 3.10219299e+02, 3.51631775e+02,
       7.21453323e+01, 3.99948059e+02, 7.21464691e+01, 4.44871277e+02,
       7.34457474e+01, 4.85401276e+02, 7.04337845e+01, 3.56089966e+02,
       1.17379684e+02, 4.00200867e+02, 1.17320030e+02, 4.44483490e+02,
       1.18605354e+02, 4.89267609e+02, 1.17785866e+02, 3.54466614e+02,
       1.62623032e+02, 4.00372101e+02, 1.65151794e+02, 4.38636597e+02,
       1.67270920e+02, 4.84351807e+02, 1.64764435e+02, 3.53406067e+02,
       2.09037720e+02, 3.98441284e+02, 2.08705231e+02, 4.41465027e+02,
       2.09715317e+02, 4.84843018e+02, 2.08473724e+02, 3.52350311e+02,
       2.54501678e+02, 3.96420319e+02, 2.54101944e+02, 4.39186310e+02,
       2.54102036e+02, 4.76594849e+02, 2.50822052e+02, 3.50402863e+02,
       2.98311890e+02, 3.94474426e+02, 2.99144989e+02, 4.42490967e+02,
       3.02206604e+02, 4.71609039e+02, 3.04060699e+02, 3.35716461e+02,
