%YAML:1.0
---
R: !!opencv-matrix
   rows: 3
   cols: 3
   dt: d
   data: [ 9.9997413316038275e-01, 4.7007682620801745e-03,
       5.4438761822304133e-03, -4.7642185494785536e-03,
       9.9992018380000625e-01, 1.1701634542856255e-02,
       -5.3884350004468184e-03, -1.1727267674440708e-02,
       9.9991671451233277e-01 ]
T: !!opencv-matrix
   rows: 3
   cols: 1
   dt: d
   data: [ -3.3428397934564114e+00, 4.6700783678240404e-02,
       3.2521319595815732e-03 ]
R1: !!opencv-matrix
   rows: 3
   cols: 3
   dt: d
   data: [ 9.9994788413534397e-01, -9.2561924255452552e-03,
       4.3071934052153734e-03, 9.2307698188521629e-03,
       9.9994007642554295e-01, 5.8852737090838428e-03,
       -4.3614105287189484e-03, -5.8452082820669299e-03,
       9.9997340546553493e-01 ]
R2: !!opencv-matrix
   rows: 3
   cols: 3
   dt: d
   data: [ 9.9990195525580849e-01, -1.3969022686417289e-02,
       -9.7276965276677711e-04, 1.3963056324625319e-02,
       9.9988515492575258e-01, -5.8915207866271453e-03,
       1.0549567224896615e-03, 5.8773603165262582e-03,
       9.9998217169208736e-01 ]
P1: !!opencv-matrix
   rows: 3
   cols: 4
   dt: d
   data: [ 4.3990166971594908e+02, 0., 3.1931597137451172e+02, 0., 0.,
       4.3990166971594908e+02, 2.3998001480102539e+02, 0., 0., 0., 1.,
       0. ]
P2: !!opencv-matrix
   rows: 3
   cols: 4
   dt: d
   data: [ 4.3990166971594908e+02, 0., 3.1931597137451172e+02,
       -1.4706649977078848e+03, 0., 4.3990166971594908e+02,
       2.3998001480102539e+02, 0., 0., 0., 1., 0. ]
Q: !!opencv-matrix
   rows: 4
   cols: 4
   dt: d
   data: [ 1., 0., 0., -3.1931597137451172e+02, 0., 1., 0.,
       -2.3998001480102539e+02, 0., 0., 0., 4.3990166971594908e+02, 0.,
       0., 2.9911752193841618e-01, 0. ]
