%YAML:1.0
---
M1: !!opencv-matrix
   rows: 3
   cols: 3
   dt: d
   data: [ 5.3416947724244244e+02, 0., 3.2825246902343719e+02, 0.,
       5.2881890293571644e+02, 2.3746566980814416e+02, 0., 0., 1. ]
D1: !!opencv-matrix
   rows: 1
   cols: 14
   dt: d
   data: [ -2.5923450481151505e-01, -1.2734203890978973e-01, 0., 0., 0.,
       0., 0., -4.0189296723927770e-01, 0., 0., 0., 0., 0., 0. ]
M2: !!opencv-matrix
   rows: 3
   cols: 3
   dt: d
   data: [ 5.3416947724244244e+02, 0., 3.1385003314317271e+02, 0.,
       5.2881890293571644e+02, 2.4230017110395139e+02, 0., 0., 1. ]
D2: !!opencv-matrix
   rows: 1
   cols: 14
   dt: d
   data: [ -2.6324086635245908e-01, -1.1969206588221050e-02, 0., 0., 0.,
       0., 0., -1.9594871386018345e-01, 0., 0., 0., 0., 0., 0. ]
