%YAML:1.0
---
R: !!opencv-matrix
   rows: 3
   cols: 3
   dt: d
   data: [ 9.9994952654095060e-01, 3.5445340514511192e-03,
       -9.4010982808917631e-03, -3.5418445057285564e-03,
       9.9999368182846438e-01, 3.0272206576304004e-04,
       9.4021118918104236e-03, -2.6940955803927958e-04,
       9.9995576287677046e-01 ]
T: !!opencv-matrix
   rows: 3
   cols: 1
   dt: d
   data: [ 7.5124720183435534e-01, -4.8833812802317467e-02,
       -1.3547625080899994e+00 ]
R1: !!opencv-matrix
   rows: 3
   cols: 3
   dt: d
   data: [ -4.7658076535679383e-01, 2.9554285833623042e-02,
       8.7863377938751985e-01, -6.1616852327075165e-02,
       -9.9809986508949988e-01, 1.5105504199280489e-04,
       8.7696872099364875e-01, -5.4066657906576832e-02,
       4.7749623967270910e-01 ]
R2: !!opencv-matrix
   rows: 3
   cols: 3
   dt: d
   data: [ -4.8471207701746832e-01, 3.1508055902633038e-02,
       8.7410608326829997e-01, -6.5152961353251632e-02,
       -9.9787527588577363e-01, -1.5938253671474823e-04,
       8.7224382716091120e-01, -5.7027854502233036e-02,
       4.8573504072751300e-01 ]
P1: !!opencv-matrix
   rows: 3
   cols: 4
   dt: d
   data: [ -1.8104842286256206e+02, 0., 1.0053298683166504e+03, 0., 0.,
       -1.8104842286256206e+02, -2.0596903648376465e+03, 0., 0., 0., 1.,
       0. ]
P2: !!opencv-matrix
   rows: 3
   cols: 4
   dt: d
   data: [ -1.8104842286256206e+02, 0., 1.0053298683166504e+03,
       2.8060394514808252e+02, 0., -1.8104842286256206e+02,
       -2.0596903648376465e+03, 0., 0., 0., 1., 0. ]
Q: !!opencv-matrix
   rows: 4
   cols: 4
   dt: d
   data: [ 1., 0., 0., -1.0053298683166504e+03, 0., 1., 0.,
       2.0596903648376465e+03, 0., 0., 0., -1.8104842286256206e+02, 0.,
       0., 6.4520982685050188e-01, 0. ]
