%YAML:1.0
---
M1: !!opencv-matrix
   rows: 3
   cols: 3
   dt: d
   data: [ 5.4332397071999037e+02, 0., 3.1956874292905417e+02, 0.,
       5.4440603259305351e+02, 2.3968355324087182e+02, 0., 0., 1. ]
D1: !!opencv-matrix
   rows: 1
   cols: 14
   dt: d
   data: [ -6.6876210762843849e-02, 2.7328799296726883e-02, 0., 0., 0.,
       0., 0., -8.3093821673708856e-01, 0., 0., 0., 0., 0., 0. ]
M2: !!opencv-matrix
   rows: 3
   cols: 3
   dt: d
   data: [ 5.4332397071999037e+02, 0., 3.2197638515250958e+02, 0.,
       5.4440603259305351e+02, 2.3991322931810751e+02, 0., 0., 1. ]
D2: !!opencv-matrix
   rows: 1
   cols: 14
   dt: d
   data: [ 5.8328623980764847e-02, -1.2952921573495449e-01, 0., 0., 0.,
       0., 0., 3.1591647871057588e-01, 0., 0., 0., 0., 0., 0. ]
